              precision    recall  f1-score   support

           0       0.12      0.68      0.21       131
           1       0.00      0.00      0.00       121
           2       0.07      0.10      0.08       124
           3       0.00      0.00      0.00       120
           4       0.00      0.00      0.00       126
           5       0.00      0.00      0.00       127
           6       0.13      0.10      0.12       127
           7       0.00      0.00      0.00       124

    accuracy                           0.11      1000
   macro avg       0.04      0.11      0.05      1000
weighted avg       0.04      0.11      0.05      1000
