              precision    recall  f1-score   support

           0       0.09      0.03      0.04       143
           1       0.12      0.20      0.15       145
           2       0.12      0.24      0.16       140
           3       0.15      0.26      0.19       134
           4       0.09      0.04      0.06       143
           5       0.08      0.04      0.05       146
           6       0.09      0.05      0.06       149

    accuracy                           0.12      1000
   macro avg       0.11      0.12      0.10      1000
weighted avg       0.11      0.12      0.10      1000
